 0.00 0.25 4.34 0.56 1.75 1.30
 0.25 0.00 4.20 0.32 1.57 1.08
 4.34 4.20 0.00 3.99 2.69 3.24
 0.56 0.32 3.99 0.00 1.32 0.80
 1.75 1.57 2.69 1.32 0.00 0.55
 1.30 1.08 3.24 0.80 0.55 0.00
